150
799135
6436339 6922120 7913867 3346951
58 1 0 83178
209608
2748572 2971293 7265070 6082691
66416 72814 62581 40955
743193
4629066 3186695 5475779 3622511
90359 85420 89158 67869
799518
4036690 9290972 629041 9409319
67 1 0 35880
225780
2309498 480333 7120626 3493367
81133 44159 80440 29688
737865
9090309 4711051 421395 9634357
59890 90684 17122 39535
800000
6663773 2128441 4859555 6731059
20543 89865 38934 40017
173932
592924 1 13 2261200
69110 1 4 19660
216342
9344949 5804464 9213475 6496169
64743 3542 9474 40156
529660
1630822 1469977 2069247 3971411
53634 28568 2535 56424
684817
6694502 4033510 9261196 2147611
14712 53164 21454 75869
799948
6006947 3147310 5573892 8225117
1 1 0 50601
633900
3516515 5640035 8740030 8095441
86927 4222 96681 62501
175191
8881569 3979404 7922901 8677967
39044 84149 97212 13848
661193
1584072 4631055 388480 5324171
44038 14977 64924 60064
583767
3716257 9254192 9553421 1690019
78839 32822 61833 73258
465297
5351914 4735557 3049628 8878949
32722 17034 85438 75210
93571
3362271 4467137 7142765 595481
11890 28173 67012 11974
376837
580805 1 12 4522477
94374 1 1 34989
800000
1836621 1140525 201072 6553111
81410 26408 62566 76085
200724
4865906 4244571 6534244 7891591
30784 94847 72038 99358
547593
9799156 7817383 5484531 3474257
83236 27640 8750 81069
319045
4033431 2830915 705078 2193421
88087 83917 63361 51412
425699
661521 368897 2379975 6069067
64529 44238 82852 73772
786443
87626 4202626 8807082 1923683
71670 49106 27955 42736
102124
7514971 6139260 4296547 5303693
10601 11676 22586 94653
768403
3371605 2562092 4158468 1665869
50455 70647 81235 30827
166064
2880009 8749788 9041855 9849127
24293 52992 96169 91331
6541
6916556 5745855 8621202 9219739
45608 88856 9000 74094
799911
4647118 8230784 414342 4826291
11 1 0 70867
732814
6181874 6876040 2702549 8962741
2650 42780 85021 47251
800
1 13107 5 12917
1 12917 5 13107
286701
8668530 1430048 4419280 6657109
36212 69484 51242 6017
517276
3679909 725989 6219138 4563679
9288 73488 73962 44632
63717
4026285 9909226 1564666 9558643
20485 51023 65154 76716
799918
8026988 8815361 8434028 7598893
64 1 0 39039
87878
2434134 6943038 5416039 671537
59074 7519 80583 29387
386293
5578388 1680540 2968626 3425507
7298 53688 65656 37094
675842
1390196 6023568 9623088 6551393
94079 33053 11215 79086
446972
2178624 7305729 5792821 2531069
75266 56311 29321 74074
537584
4463039 8809641 649221 6023939
24112 97877 45363 94587
796619
4291837 5958271 8068009 9137111
83686 89010 83207 54412
22841
839581 4688924 377678 3143141
31053 28605 4361 73203
260641
7996589 1980053 4750422 4038953
27385 37478 23029 68554
800000
1977106 1101999 5354543 3654641
54538 61076 78852 41696
656811
8931535 2052465 5971352 3381101
18581 38659 20138 19510
5
1 1 0 100
1 1 0 100
766659
6788987 6722285 5540685 1547479
32279 20581 31144 77933
490826
4070072 1127416 6034324 2724719
86690 55980 57557 52510
280261
5905297 9097849 6367191 1429721
99660 52616 68295 79502
194495
3927727 1281691 1873076 3264851
76943 56877 98484 62552
800000
7880818 5932472 2427109 3877781
1171 40625 63531 758
761144
2894542 4745981 6708222 5964533
64868 6503 69364 65733
316132
8095595 6591949 23847 1815103
14787 90898 10820 20131
800000
1202664 8506983 6650965 8225317
16849 36670 96174 1957
18827
9521417 1 10 189194
79035 1 3 96645
166963
6777301 5587025 4787909 4810483
85156 38666 83607 3322
509808
3991966 7164969 3905607 2291581
76159 9529 93304 53672
148398
8016561 1060099 6967308 7845329
14680 58306 49555 64029
44162
4705364 3742884 3666652 2505343
35204 7279 95765 97687
800000
9284363 992074 5483194 6912539
204 68884 1353 65381
799246
7130761 6216496 2575834 7255711
71 1 0 10078
158645
3932852 2786994 887114 5226421
22550 55416 3068 94050
539087
4110063 6965944 2761286 9846649
42985 93934 53563 37855
566835
205676 4700337 4515148 5243207
24387 65253 78482 79003
38341
6370342 4120876 7474990 4328851
27728 11714 69542 60854
489906
3357037 2498527 6951749 6478991
67036 29728 68378 8811
583190
248316 5112331 2783051 4007477
79206 6792 76769 80493
251563
3984759 937479 1303914 9282839
27467 94801 57554 84759
471537
74105 1 14 6601584
19665 1 2 82759
123330
2885125 4754653 5353431 5002157
59708 59359 65422 57387
431368
5849416 6126122 9695664 1768477
72036 60999 58593 46642
16632
4864709 8944027 5748292 8519053
9356 97277 45736 55087
10
1 1 1 100
1 0 0 100
331802
5476430 1090505 3383912 7015787
20582 95030 160 99176
342162
5578821 5617385 4924009 3572189
40541 50843 36776 45817
661672
8037010 4931374 7833802 2071291
76027 35013 8188 39447
224230
868223 5015144 8006892 2440153
84534 39226 25142 40985
460160
1035446 1592362 4729973 8105711
10757 65826 15937 75493
559354
8263457 3391508 5619627 9540347
48100 71432 65692 42094
421832
6634028 1 11 4640403
23600 1 3 28559
799897
9897009 8263191 7365771 8027339
88 1 0 69989
435006
4337863 3083980 5250599 8601653
26949 75433 48563 49887
415119
4290868 263406 3730155 5072803
61282 26840 11672 89514
701470
1231899 3180633 1557767 7692767
65285 33523 91043 33180
228245
7391623 9651204 5339017 3531989
45436 28993 72266 9931
329934
9982771 2795359 8655738 7422683
64588 73545 46117 49844
369832
8104778 837917 9482716 3103811
31436 83259 49740 79698
193788
7375107 7988790 7344168 1454711
88929 57515 3430 74658
546437
5194966 1300651 2164371 3453283
63842 46248 63455 19520
275625
3922046 3167472 3747945 9733903
8070 94446 79739 85817
335238
3245321 3989698 5173662 9974369
64212 6824 61281 21369
425482
1159449 7682974 3316987 8272333
67354 39660 40348 48488
32468
1212265 3540617 6252738 69499
38979 53009 99324 59141
554699
782502 3717363 3476397 4553851
49536 17757 3698 88122
42028
2863742 1027308 7177075 6832697
43653 58041 67418 13075
16115
7377622 4423239 3428119 4522501
4911 14189 68541 57878
591958
5714018 8464751 5445199 9550987
90915 93712 98196 90214
457946
3941691 8519620 5251025 5353291
71839 89954 63874 49774
763740
4321664 1435286 9450425 5494277
77738 82822 28133 23776
569801
5028564 1436635 1433788 1490527
63091 88297 87997 47576
220793
5326951 3275424 9531491 5962063
17479 81779 42888 50654
800000
4332581 1738230 8853842 7979057
66171 9761 63488 15137
319794
3378116 3294995 2218087 6909751
34861 9976 58645 64437
700932
4853621 2954333 3793331 2722033
35803 48377 76986 12230
405326
3687499 7345611 2607937 6739981
11764 54019 25273 96203
585116
7903332 8143192 9248568 2818789
68980 36112 70097 78716
552756
4828499 4426048 8279933 9690353
49333 69806 27596 25389
614862
4135212 6824411 7198036 9061141
97292 2715 88671 33798
103184
4668499 9335148 1549345 3325351
947 91885 28620 78092
571930
8426282 1 12 6863836
90619 1 2 22779
650389
6939878 3942839 2563973 3650069
70999 92765 72611 25629
35386
4581157 8310910 2652938 4943723
10340 73634 60308 4200
123278
6184716 1 10 1233176
59659 1 5 69293
443185
7272779 2378182 7154678 9150907
78148 55142 91013 74569
149538
691914 3485163 9500683 5065603
86794 65005 72895 44384
799796
756517 7342784 1046569 7252879
56 1 0 48271
788829
9498753 6147775 59858 2705863
32363 51971 34743 82543
174600
5981718 8587962 3287682 3096427
36832 64100 94151 52683
669918
3255587 1 13 8709522
71775 1 4 24568
196010
8774318 613918 7674553 8352901
61482 12361 75623 6767
290888
9661242 4255961 4603570 1195679
50643 24046 62980 32671
488602
3659121 3525584 7264610 5706221
90319 66026 86533 35477
679575
3228222 5225474 4203750 3901217
83074 39223 45263 49101
13
3 3 0 100
7 7 0 100
610913
5333446 9883715 7006965 2736431
32990 10923 58855 17001
562563
4654443 8748161 9191633 3725731
88282 36795 35060 68040
799314
496884 5173679 4334722 5846233
89 1 0 43136
753208
5056419 2460242 2536661 3503869
80172 20090 37841 2145
724211
4699617 1 10 7242187
41625 1 3 16697
111272
3950833 2097098 1728066 7251823
32729 79714 67463 77795
443552
1064400 7698489 2742884 5710979
25708 91773 26321 18586
797449
2192088 2169013 1434914 5997223
87653 82448 28877 28447
220265
7622650 9423637 2150413 8682589
92212 47468 77532 36760
799523
6188922 6879499 259817 3927593
10 1 0 23851
409410
6458687 4538396 8193941 2712709
94584 3171 61694 29977
403054
6075371 909736 661980 4610917
58649 6595 39588 72103
401680
9881742 5300190 8128316 1227143
12016 27584 2739 94530
778143
2629212 8081024 6527513 5004053
53380 6975 14068 86576
423828
4158372 3229819 5825216 9813521
46667 39113 71925 33721
800000
4184377 726967 7510534 3897703
48427 52570 85560 36214
779574
4428987 1879449 156801 9414673
2425 43645 7441 94460
155273
3049473 8473871 3522430 2330771
31458 54187 68523 36770
5
1 1 0 100
1 0 0 100
233053
2949978 9538109 1007531 9529259
66507 48523 81355 37185
454203
3501522 6877404 5610012 4948883
50507 58204 73723 47781
721656
8977969 8522105 1943305 7129481
67462 56602 69445 87844
687327
5945446 1228581 2619650 7171259
47097 12546 53877 97438
800000
1261916 2960160 892887 6372013
36813 12955 35356 63252
682262
5608416 8165060 687658 2711399
45022 18980 71504 79453
